newton: number of iterations = 2
FINAL NEWTON: 2.17164 -0.434121 

=======================================
SECANT: num of iterations = 682
FINAL SECANT: 2.15384 -0.424581 

++++++++++++++++++ TRANSCONDUCTANCE.txt +++++++++++++++++++
=============== TASK 3 - NEWTON ================
1e-07 2 1
HESSIAN: 1.63037e+10 -188.89 107.621
     -188.89 0.000100595 -1.61654e-05
     107.621 -1.61654e-05 4.44295e-05
INVERSE: 6.32658e-11 0.000100017 -0.000116857
     0.000100017 10716.3 3656.79
     -0.000116857 3656.79 24121.1
JACOBIAN: -1934.09 -0.000151034 9.66803e-05
delt_a: -1.48765e-07 -1.45842 2.00575
PARAMS: 2.48765e-07 3.45842 -1.00575

2.48765e-07 3.45842 -1.00575
HESSIAN: 3.30771e+11 52284.9 -42908.3
     52284.9 0.00249193 -0.00352303
     -42908.3 -0.00352303 0.00207741
INVERSE: -2.2987e-12 1.3519e-05 -2.45525e-05
     1.3519e-05 -366.642 -342.548
     -2.45525e-05 -342.548 -606.673
JACOBIAN: 67843.2 0.00590117 -0.00492292
delt_a: 4.46964e-08 0.43989 -0.700548
PARAMS: 2.04069e-07 3.01853 -0.305205

2.04069e-07 3.01853 -0.305205
HESSIAN: 1.54194e+11 22308.1 -17988.7
     22308.1 0.00115806 -0.00147281
     -17988.7 -0.00147281 0.000943825
INVERSE: -6.26833e-12 3.16806e-05 -7.00334e-05
     3.16806e-05 -1037.14 -1014.62
     -7.00334e-05 -1014.62 -1858.55
JACOBIAN: 21190.6 0.00185104 -0.00153896
delt_a: 3.35908e-08 0.312996 -0.501911
PARAMS: 1.70478e-07 2.70554 0.196705

1.70478e-07 2.70554 0.196705
HESSIAN: 8.10669e+10 10054 -7958.04
     10054 0.000598175 -0.000655222
     -7958.04 -0.000655222 0.000457251
INVERSE: -1.91974e-11 7.60384e-05 -0.000225155
     7.60384e-05 -3236.04 -3313.73
     -0.000225155 -3313.73 -6480.08
JACOBIAN: 6155.35 0.000543163 -0.000456603
delt_a: 2.59405e-08 0.223405 -0.226982
PARAMS: 1.44538e-07 2.48213 0.423687

1.44538e-07 2.48213 0.423687
HESSIAN: 5.34127e+10 5280.81 -4014.89
     5280.81 0.000368826 -0.000332482
     -4014.89 -0.000332482 0.00025023
INVERSE: -9.11953e-11 6.72375e-05 -0.00137387
     6.72375e-05 -13758.8 -17202.5
     -0.00137387 -17202.5 -40904.1
JACOBIAN: 1418.05 0.000131788 -0.000118387
delt_a: 4.21903e-08 0.318661 0.627225
PARAMS: 1.02347e-07 2.16347 -0.203538

1.02347e-07 2.16347 -0.203538
HESSIAN: 5.9074e+10 3811.26 -2335.91
     3811.26 0.000272224 -0.000167711
     -2335.91 -0.000167711 0.000109273
INVERSE: 1.75744e-10 -0.00268114 -0.000358152
     -0.00268114 108374 109017
     -0.000358152 109017 168814
JACOBIAN: -455.551 -1.3055e-05 -1.30973e-05
delt_a: -4.03671e-08 -1.62125 -3.47107
PARAMS: 1.42714e-07 3.78472 3.26753

1.42714e-07 3.78472 3.26753
HESSIAN: 3.7227e+09 -207.758 820.683
     -207.758 9.53736e-06 4.07538e-05
     820.683 4.07538e-05 -3.20957e-05
INVERSE: 7.49096e-11 -0.00101979 0.000620536
     -0.00101979 30200.4 12271.2
     0.000620536 12271.2 291.665
JACOBIAN: -973.46 -6.52645e-05 0.000215412
delt_a: 1.27306e-07 1.66508 -1.34211
PARAMS: 1.54083e-08 2.11964 4.60965

1.54083e-08 2.11964 4.60965
HESSIAN: 485437 -8.27457 63.6273
     -8.27457 -4.99231e-08 8.58257e-07
     63.6273 8.58257e-07 -4.24936e-06
INVERSE: 1.27631e-09 -0.0473252 0.00955227
     -0.0473252 9.85709e+06 1.28225e+06
     0.00955227 1.28225e+06 166681
JACOBIAN: -9.2031 -1.27596e-07 9.81034e-07
delt_a: 3.66359e-09 0.435747 -0.0880008
PARAMS: 1.17447e-08 1.68389 4.69765

1.17447e-08 1.68389 4.69765
HESSIAN: 66024.3 -3.4448 26.5175
     -3.4448 -2.29286e-08 3.62633e-07
     26.5175 3.62633e-07 -1.82764e-06
INVERSE: 3.1497e-09 -0.11672 0.0225403
     -0.11672 2.47238e+07 3.21207e+06
     0.0225403 3.21207e+06 417214
JACOBIAN: -2.93877 -4.04688e-08 3.11509e-07
delt_a: 2.48881e-09 0.343064 -0.0662635
PARAMS: 9.25592e-09 1.34083 4.76391

9.25592e-09 1.34083 4.76391
HESSIAN: 8225.91 -1.39201 10.8173
     -1.39201 -9.90068e-09 1.49304e-07
     10.8173 1.49304e-07 -7.55968e-07
INVERSE: 7.90492e-09 -0.30043 0.0537781
     -0.30043 6.24722e+07 8.03939e+06
     0.0537781 8.03939e+06 1.0345e+06
JACOBIAN: -0.964857 -1.28854e-08 1.00131e-07
delt_a: 1.62889e-09 0.289884 -0.0518935
PARAMS: 7.62703e-09 1.05094 4.8158

7.62703e-09 1.05094 4.8158
HESSIAN: -931.9 -0.547799 4.30924
     -0.547799 -4.26483e-09 6.16169e-08
     4.30924 6.16169e-08 -3.06543e-07
INVERSE: 2.07928e-08 -0.81523 0.12843
     -0.81523 1.55108e+08 1.97174e+07
     0.12843 1.97174e+07 2.50654e+06
JACOBIAN: -0.324275 -4.17817e-09 3.28674e-08
delt_a: 8.84744e-10 0.264354 -0.0416457
PARAMS: 6.74229e-09 0.786589 4.85745

6.74229e-09 0.786589 4.85745
HESSIAN: 5962.6 -0.20015 1.63119
     -0.20015 -1.88971e-09 2.52828e-08
     1.63119 2.52828e-08 -1.17877e-07
INVERSE: 6.15983e-08 -2.61027 0.29254
     -2.61027 3.93653e+08 4.83114e+07
     0.29254 4.83114e+07 5.92681e+06
JACOBIAN: -0.114582 -1.34949e-09 1.0998e-08
delt_a: -3.1815e-10 0.29919 -0.0335321
PARAMS: 7.06044e-09 0.487399 4.89098

7.06044e-09 0.487399 4.89098
HESSIAN: -1087.47 -0.0547693 0.540414
     -0.0547693 -1.167e-09 1.02858e-08
     0.540414 1.02858e-08 -3.68755e-08
INVERSE: 3.9881e-07 -22.4869 -0.427743
     -22.4869 1.85545e+09 1.87999e+08
     -0.427743 1.87999e+08 1.90523e+07
JACOBIAN: -0.0459035 -3.86605e-10 3.81556e-09
delt_a: -1.12453e-08 1.03222 0.0196487
PARAMS: 1.83057e-08 -0.544823 4.87133

1.83057e-08 -0.544823 4.87133
HESSIAN: 3.12473e+08 132.387 -58.2674
     132.387 -2.54516e-06 3.50622e-06
     -58.2674 3.50622e-06 -1.05848e-06
INVERSE: 3.21055e-10 0.00214611 -0.0105644
     0.00214611 124609 294629
     -0.0105644 294629 612760
JACOBIAN: -46.2907 2.78659e-06 -1.11793e-06
delt_a: 2.92877e-09 -0.0814841 0.625023
PARAMS: 1.5377e-08 -0.463339 4.24631

1.5377e-08 -0.463339 4.24631
HESSIAN: 8.89406e+07 54.8544 -23.4883
     54.8544 -1.12398e-06 1.40169e-06
     -23.4883 1.40169e-06 -4.29669e-07
INVERSE: 8.09372e-10 0.00510932 -0.0275773
     0.00510932 322220 771856
     -0.0275773 771856 1.69816e+06
JACOBIAN: -15.2363 9.27474e-07 -3.72833e-07
delt_a: 2.68862e-09 -0.0667697 0.502925
PARAMS: 1.26884e-08 -0.39657 3.74339

1.26884e-08 -0.39657 3.74339
HESSIAN: 2.78468e+07 22.4526 -9.50396
     22.4526 -5.20044e-07 5.65785e-07
     -9.50396 5.65785e-07 -1.75796e-07
INVERSE: 2.03757e-09 0.0127419 -0.0691472
     0.0127419 848390 2.04161e+06
     -0.0691472 2.04161e+06 4.6206e+06
JACOBIAN: -5.01592 3.05482e-07 -1.23384e-07
delt_a: 2.20376e-09 -0.0566457 0.400406
PARAMS: 1.04846e-08 -0.339924 3.34298

1.04846e-08 -0.339924 3.34298
HESSIAN: 9.37523e+06 8.98242 -3.81762
     8.98242 -2.47575e-07 2.28509e-07
     -3.81762 2.28509e-07 -7.16519e-08
INVERSE: 5.21931e-09 0.0346297 -0.167646
     0.0346297 2.30802e+06 5.51554e+06
     -0.167646 5.51554e+06 1.25657e+07
JACOBIAN: -1.66888 9.96941e-08 -4.07483e-08
delt_a: 1.57327e-09 -0.0524461 0.317615
PARAMS: 8.91132e-09 -0.287478 3.02536

8.91132e-09 -0.287478 3.02536
HESSIAN: 3.15656e+06 3.51427 -1.51081
     3.51427 -1.09602e-07 9.11869e-08
     -1.51081 9.11869e-08 -2.86503e-08
INVERSE: 1.35959e-08 0.097423 -0.406875
     0.097423 6.23449e+06 1.47054e+07
     -0.406875 1.47054e+07 3.33559e+07
JACOBIAN: -0.56625 3.2941e-08 -1.36622e-08
delt_a: 1.06936e-09 -0.0507041 0.259091
PARAMS: 7.84196e-09 -0.236774 2.76627

7.84196e-09 -0.236774 2.76627
HESSIAN: 974959 1.34652 -0.587705
     1.34652 -4.72433e-08 3.61674e-08
     -0.587705 3.61674e-08 -1.12319e-08
INVERSE: 3.6469e-08 0.287633 -0.982027
     0.287633 1.67158e+07 3.87755e+07
     -0.982027 3.87755e+07 8.72112e+07
JACOBIAN: -0.195887 1.10527e-08 -4.66293e-09
delt_a: 6.14433e-10 -0.0523965 0.21428
PARAMS: 7.22753e-09 -0.184377 2.55199

7.22753e-09 -0.184377 2.55199
HESSIAN: 240763 0.485976 -0.222346
     0.485976 -2.3014e-08 1.42222e-08
     -0.222346 1.42222e-08 -4.25884e-09
INVERSE: 1.09162e-07 1.14395 -1.87898
     1.14395 5.28368e+07 1.16723e+08
     -1.87898 1.16723e+08 2.53083e+08
JACOBIAN: -0.069897 3.64827e-09 -1.61954e-09
delt_a: -4.13574e-10 -0.0762334 0.147292
PARAMS: 7.6411e-09 -0.108144 2.4047

7.6411e-09 -0.108144 2.4047
HESSIAN: 21354.8 0.0813967 -0.0770613
     0.0813967 -2.92347e-08 5.01204e-09
     -0.0770613 5.01204e-09 -1.36467e-09
INVERSE: 1.23034e-07 -2.29125 -15.3627
     -2.29125 -4.96929e+07 -5.31234e+07
     -15.3627 -5.31234e+07 -6.03693e+07
JACOBIAN: -0.0289896 6.44831e-10 -5.90133e-10
delt_a: 4.02188e-09 0.0657288 0.446729
PARAMS: 3.61923e-09 -0.173873 1.95797

3.61923e-09 -0.173873 1.95797
HESSIAN: 57939.8 0.0105098 -0.0319653
     0.0105098 -1.40942e-09 5.8599e-10
     -0.0319653 5.8599e-10 -4.33749e-10
INVERSE: 2.41433e-07 -12.7702 -35.045
     -12.7702 -9.43311e+08 -3.33295e+08
     -35.045 -3.33295e+08 -1.73105e+08
JACOBIAN: -0.00748669 4.53656e-11 -1.16532e-10
delt_a: 1.697e-09 0.0916524 0.267423
PARAMS: 1.92223e-09 -0.265525 1.69055

1.92223e-09 -0.265525 1.69055
HESSIAN: 146713 -0 -0.0134832
     -0 -6.99698e-11 8.48386e-11
     -0.0134832 8.48386e-11 -1.49412e-10
INVERSE: 2.46759e-07 -86.6713 -71.4813
     -86.6713 -1.54354e+10 -9.43088e+08
     -71.4813 -9.43088e+08 -7.77802e+08
JACOBIAN: -0.00203128 3.53884e-12 -2.6624e-11
delt_a: 1.09516e-09 0.146539 0.16257
PARAMS: 8.27065e-10 -0.412065 1.52798

8.27065e-10 -0.412065 1.52798
HESSIAN: 396252 -0.00174972 -0.00653102
     -0.00174972 1.59632e-12 1.33023e-11
     -0.00653102 1.33023e-11 -4.81332e-11
INVERSE: -8.9763e-07 -605.161 -45.4486
     -605.161 -2.18325e+11 2.17748e+10
     -45.4486 2.17748e+10 -8.59115e+09
JACOBIAN: -0.000532522 -2.50617e-14 -5.90733e-12
delt_a: 7.61654e-10 0.199102 0.0744074
PARAMS: 6.54103e-11 -0.611167 1.45357

6.54103e-11 -0.611167 1.45357
HESSIAN: -1.26703e+07 0.000339012 -0.0066994
     0.000339012 -1.45131e-13 9.91603e-13
     -0.0066994 9.91603e-13 -4.25908e-12
INVERSE: -5.12446e-08 -729.656 -89.2731
     -729.656 1.27456e+12 1.44447e+12
     -89.2731 1.44447e+12 2.41934e+11
JACOBIAN: -0.000538286 6.27548e-14 -4.37277e-13
delt_a: 2.08319e-11 -0.158885 0.0329097
PARAMS: 4.45784e-11 -0.452282 1.42066

4.45784e-11 -0.452282 1.42066
HESSIAN: 2.72792e+07 0.00201655 -0.00342393
     0.00201655 -2.6501e-13 3.16382e-13
     -0.00342393 3.16382e-13 -1.3967e-12
INVERSE: 2.29159e-08 147.084 -22.8596
     147.084 -4.22812e+12 -1.31833e+12
     -22.8596 -1.31833e+12 -9.58566e+11
JACOBIAN: -0.000324081 1.54019e-14 -1.53358e-13
delt_a: -1.65553e-12 0.0893887 0.134108
PARAMS: 4.62339e-11 -0.54167 1.28655

4.62339e-11 -0.54167 1.28655
HESSIAN: 5.07211e+07 -0 -0.000911363
     -0 3.69522e-13 5.83416e-14
     -0.000911363 5.83416e-14 -4.25763e-13
INVERSE: 1.90003e-08 6.28533 -39.8098
     6.28533 2.65097e+12 3.49804e+11
     -39.8098 3.49804e+11 -2.21558e+12
JACOBIAN: -5.97984e-05 -1.30103e-15 -4.54014e-14
delt_a: 6.63053e-13 -0.0197065 0.102516
PARAMS: 4.55709e-11 -0.521964 1.18404

4.55709e-11 -0.521964 1.18404
HESSIAN: 0 -0 -0.00025117
     -0 0 -0
     -0.00025117 -0 -1.54671e-13
newton: det(H) is invalid
newton: number of iterations = 28
4.55709e-11 -0.521964 1.18404 

=============== TASK 3 =================
SECANT: num of iterations = 976
FINAL SECANT (TASK 3): 1.96567e-06 0.695718 1.31109 
||V|| = 0.000145502 --> 1.8266e-06
delta_S_Is = 2.16925e-291
delta_S_k = 3.92381e+15
delta_S_Vth = 6.14223e+16
